2.0,"2019-03-11 23:59:38.000000","2019-03-12 00:09:58.000000",1.0,2.62,1.0,N,161.0,114.0,1.0,10.0,0.5,0.5,2.76,0.0,0.3,16.56,2.5
2.0,"2019-03-11 23:59:09.000000","2019-03-12 00:10:54.000000",1.0,2.55,1.0,N,142.0,141.0,1.0,11.0,0.5,0.5,2.96,0.0,0.3,17.76,2.5
2.0,"2019-03-11 23:55:21.000000","2019-03-12 00:09:09.000000",1.0,2.93,1.0,N,161.0,145.0,1.0,12.5,0.5,0.5,3.26,0.0,0.3,19.56,2.5
2.0,"2019-03-11 23:59:29.000000","2019-03-12 00:14:57.000000",1.0,4.98,1.0,N,161.0,151.0,1.0,16.0,0.5,0.5,3.96,0.0,0.3,23.76,2.5
2.0,"2019-03-11 23:53:38.000000","2019-03-12 00:13:01.000000",1.0,8.09,1.0,N,230.0,243.0,1.0,25.0,0.5,0.5,5.76,0.0,0.3,34.56,2.5
2.0,"2019-03-11 23:58:35.000000","2019-03-12 00:29:03.000000",1.0,11.1,1.0,N,138.0,153.0,2.0,36.0,0.5,0.5,0.0,5.76,0.3,43.06,0.0
2.0,"2019-03-11 23:59:56.000000","2019-03-12 00:13:55.000000",1.0,3.22,1.0,N,186.0,239.0,1.0,12.5,0.5,0.5,3.26,0.0,0.3,19.56,2.5
2.0,"2019-03-11 23:55:43.000000","2019-03-12 00:10:15.000000",2.0,7.69,1.0,N,42.0,224.0,2.0,22.5,0.5,0.5,0.0,0.0,0.3,26.3,2.5
2.0,"2019-03-11 23:57:35.000000","2019-03-12 00:17:49.000000",5.0,5.8,1.0,N,186.0,25.0,1.0,20.0,0.5,0.5,4.76,0.0,0.3,28.56,2.5
2.0,"2019-03-11 23:57:00.000000","2019-03-12 00:08:52.000000",1.0,2.38,1.0,N,237.0,48.0,2.0,10.5,0.5,0.5,0.0,0.0,0.3,14.3,2.5
2.0,"2019-03-11 23:58:39.000000","2019-03-12 00:08:27.000000",1.0,2.48,1.0,N,142.0,170.0,1.0,10.0,0.5,0.5,2.76,0.0,0.3,16.56,2.5
2.0,"2019-03-11 23:53:12.000000","2019-03-12 23:08:01.000000",6.0,4.59,1.0,N,230.0,145.0,1.0,16.0,0.5,0.5,4.95,0.0,0.3,24.75,2.5
2.0,"2019-03-11 19:02:02.000000","2019-03-12 18:19:56.000000",1.0,11.15,1.0,N,132.0,171.0,2.0,31.5,0.5,0.5,0.0,0.0,0.3,32.8,0.0
2.0,"2019-03-11 23:57:50.000000","2019-03-12 00:00:24.000000",5.0,0.79,1.0,N,90.0,186.0,1.0,4.5,0.0,0.5,1.0,0.0,0.3,8.8,2.5
2.0,"2019-03-11 16:35:06.000000","2019-03-12 16:04:57.000000",1.0,11.42,1.0,N,132.0,138.0,1.0,32.5,0.0,0.5,6.66,0.0,0.3,39.96,0.0
2.0,"2019-03-11 16:50:54.000000","2019-03-12 16:11:22.000000",1.0,8.33,4.0,N,132.0,265.0,2.0,29.5,0.0,0.5,0.0,0.0,0.3,30.3,0.0
2.0,"2019-03-11 23:16:28.000000","2019-03-12 22:32:45.000000",2.0,2.51,1.0,N,107.0,125.0,1.0,12.0,0.0,0.5,1.0,0.0,0.3,16.3,2.5
2.0,"2019-03-11 23:27:53.000000","2019-03-12 23:05:49.000000",2.0,16.24,2.0,N,170.0,132.0,1.0,52.0,0.0,0.5,12.21,5.76,0.3,73.27,2.5
2.0,"2019-03-11 23:21:01.000000","2019-03-12 22:51:18.000000",1.0,12.76,1.0,N,138.0,136.0,2.0,38.5,0.0,0.5,0.0,5.76,0.3,45.06,0.0
2.0,"2019-03-11 23:57:24.000000","2019-03-12 00:19:10.000000",1.0,5.24,1.0,N,161.0,42.0,1.0,20.0,0.5,0.5,4.76,0.0,0.3,28.56,2.5
1855
